00000000000
00100100000
01001000000
01101100000
10010000000
10110100000
11011000000
11111100000
00100010000
00000000001
00100100001
01001000001
01101100001
10010000001
10110100001
11011000001
11111100001
00100010001
00000000010
00100100010
01001000010
01101100010
10010000010
10110100010
11011000010
11111100010
00100010010
00000000011
00100100011
01001000011
01101100011
10010000011
10110100011
11011000011
11111100011
00100010011
00000000100
00100100100
01001000100
01101100100
10010000100
10110100100
11011000100
11111100100
00100010100
00000000101
00100100101
01001000101
01101100101
10010000101
10110100101
11011000101
11111100101
00100010101
00000000110
00100100110
01001000110
01101100110
10010000110
10110100110
11011000110
11111100110
00100010110
00000000111
00100100111
01001000111
01101100111
10010000111
10110100111
11011000111
11111100111
00100010111
00000001000
00100101000
01001001000
01101101000
10010001000
10110101000
11011001000
11111101000
00100011000
00000001001
00100101001
01001001001
01101101001
10010001001
10110101001
11011001001
11111101001
00100011001
00000001010
00100101010
01001001010
01101101010
10010001010
10110101010
11011001010
11111101010
00100011010
00000001011
00100101011
01001001011
01101101011
10010001011
10110101011
11011001011
11111101011
00100011011
00000001100
00100101100
01001001100
01101101100
10010001100
10110101100
11011001100
11111101100
00100011100
00000001101
00100101101
01001001101
01101101101
10010001101
10110101101
11011001101
11111101101
00100011101
00000001110
00100101110
01001001110
01101101110
10010001110
10110101110
11011001110
11111101110
00100011110
00000001111
00100101111
01001001111
01101101111
10010001111
10110101111
11011001111
11111101111
00100011111
00000010000
00100110000
01001010000
01101110000
10010010000
10110110000
11011010000
11111110000
00100100000
00000010001
00100110001
01001010001
01101110001
10010010001
10110110001
11011010001
11111110001
00100100001
00000010010
00100110010
01001010010
01101110010
10010010010
10110110010
11011010010
11111110010
00100100010
00000010011
00100110011
01001010011
01101110011
10010010011
10110110011
11011010011
11111110011
00100100011
00000010100
00100110100
01001010100
01101110100
10010010100
10110110100
11011010100
11111110100
00100100100
00000010101
00100110101
01001010101
01101110101
10010010101
10110110101
11011010101
11111110101
00100100101
00000010110
00100110110
01001010110
01101110110
10010010110
10110110110
11011010110
11111110110
00100100110
00000010111
00100110111
01001010111
01101110111
10010010111
10110110111
11011010111
11111110111
00100100111
00000011000
00100111000
01001011000
01101111000
10010011000
10110111000
11011011000
11111111000
00100101000
00000011001
00100111001
01001011001
01101111001
10010011001
10110111001
11011011001
11111111001
00100101001
00000011010
00100111010
01001011010
01101111010
10010011010
10110111010
11011011010
11111111010
00100101010
00000011011
00100111011
01001011011
01101111011
10010011011
10110111011
11011011011
11111111011
00100101011
00000011100
00100111100
01001011100
01101111100
10010011100
10110111100
11011011100
11111111100
00100101100
00000011101
00100111101
01001011101
01101111101
10010011101
10110111101
11011011101
11111111101
00100101101
00000011110
00100111110
01001011110
01101111110
10010011110
10110111110
11011011110
11111111110
00100101110
00000011111
00100111111
01001011111
01101111111
10010011111
10110111111
11011011111
11111111111
00100101111
00000100000
00101000000
01001100000
01110000000
10010100000
10111000000
11011100000
00000000000
00101010000